name: wincpu
channels:
- conda-forge
- defaults
dependencies:
- bzip2=1.0.6=h14c3975_1002
- cairo=1.16.0=ha4e643d_1000
- dbus=1.13.6=he372182_0
- expat=2.2.5=hf484d3e_1002
- ffmpeg=4.1.3=h167e202_0
- fontconfig=2.13.1=he4413a7_1000
- freetype=2.10.0=he983fc9_0
- gettext=0.19.8.1=hc5be6a0_1002
- giflib=5.1.9=h516909a_0
- glib=2.58.3=hf63aee3_1001
- gmp=6.1.2=hf484d3e_1000
- gnutls=3.6.5=hd3a4fd2_1002
- graphite2=1.3.13=hf484d3e_1000
- gst-plugins-base=1.14.4=hdf3bae2_1001
- gstreamer=1.14.4=h66beb1c_1001
- harfbuzz=2.4.0=h37c48d4_0
- icu=58.2=hf484d3e_1000
- jasper=1.900.1=h07fcdf6_1006
- jpeg=9c=h14c3975_1001
- lame=3.100=h14c3975_1001
- libblas=3.8.0=8_openblas
- libcblas=3.8.0=8_openblas
- libiconv=1.15=h516909a_1005
- liblapack=3.8.0=8_openblas
- liblapacke=3.8.0=8_openblas
- libpng=1.6.37=hed695b0_0
- libtiff=4.0.10=h648cc4a_1001
- libuuid=2.32.1=h14c3975_1000
- libwebp=1.0.2=h576950b_1
- libxcb=1.13=h14c3975_1002
- libxml2=2.9.9=h13577e0_0
- nettle=3.4.1=h1bed415_1002
- openblas=0.3.6=h6e990d7_1
- opencv=4.1.0=py36h4a2692f_2
- openh264=1.8.0=hdbcaa40_1000
- pcre=8.41=hf484d3e_1003
- pixman=0.34.0=h14c3975_1003
- pthread-stubs=0.4=h14c3975_1001
- qt=5.9.7=h52cfd70_1
- x264=1!152.20180806=h14c3975_0
- xorg-kbproto=1.0.7=h14c3975_1002
- xorg-libice=1.0.9=h516909a_1004
- xorg-libsm=1.2.3=h84519dc_1000
- xorg-libx11=1.6.7=h14c3975_1000
- xorg-libxau=1.0.9=h14c3975_0
- xorg-libxdmcp=1.1.3=h516909a_0
- xorg-libxext=1.3.4=h516909a_0
- xorg-libxrender=0.9.10=h516909a_1002
- xorg-renderproto=0.11.1=h14c3975_1002
- xorg-xextproto=7.3.0=h14c3975_1002
- xorg-xproto=7.0.31=h14c3975_1007
- _tflow_select=2.1.0=gpu
- absl-py=0.7.1=py36_0
- asn1crypto=0.24.0=py36_0
- astor=0.7.1=py36_0
- blas=1.0=mkl
- c-ares=1.15.0=h7b6447c_1
- ca-certificates=2019.1.23=0
- certifi=2019.3.9=py36_0
- cffi=1.12.3=py36h2e261b9_0
- chardet=3.0.4=py36_1
- cryptography=2.6.1=py36h1ba5d50_0
- cudatoolkit=9.0=h13b8566_0
- cudnn=7.3.1=cuda9.0_0
- cupti=9.0.176=0
- cycler=0.10.0=py36_0
- gast=0.2.2=py36_0
- grpcio=1.16.1=py36hf8bcb03_1
- h5py=2.9.0=py36h7918eee_0
- hdf5=1.10.4=hb1b8bf9_0
- idna=2.8=py36_0
- intel-openmp=2019.3=199
- keras-applications=1.0.7=py_0
- keras-preprocessing=1.0.9=py_0
- kiwisolver=1.1.0=py36he6710b0_0
- libedit=3.1.20181209=hc058e9b_0
- libffi=3.2.1=hd88cf55_4
- libgcc-ng=8.2.0=hdf63c60_1
- libgfortran-ng=7.3.0=hdf63c60_0
- libprotobuf=3.7.1=hd408876_0
- libstdcxx-ng=8.2.0=hdf63c60_1
- markdown=3.1=py36_0
- matplotlib=3.0.3=py36h5429711_0
- mkl=2019.3=199
- mkl_fft=1.0.12=py36ha843d7b_0
- mkl_random=1.0.2=py36hd81dba3_0
- mock=2.0.0=py36_0
- ncurses=6.1=he6710b0_1
- numpy=1.16.3=py36h7e9f1db_0
- numpy-base=1.16.3=py36hde5b4d6_0
- openssl=1.1.1b=h7b6447c_1
- pandas=0.24.2=py36he6710b0_0
- pbr=5.1.3=py_0
- pip=19.1=py36_0
- protobuf=3.7.1=py36he6710b0_0
- pycparser=2.19=py36_0
- pyopenssl=19.0.0=py36_0
- pyparsing=2.4.0=py_0
- pyqt=5.9.2=py36h05f1152_2
- pysocks=1.6.8=py36_0
- python=3.6.8=h0371630_0
- python-dateutil=2.8.0=py36_0
- pytz=2019.1=py_0
- readline=7.0=h7b6447c_5
- requests=2.21.0=py36_0
- scikit-learn=0.20.3=py36hd81dba3_0
- scipy=1.2.1=py36h7c811a0_0
- setuptools=41.0.1=py36_0
- sip=4.19.8=py36hf484d3e_0
- six=1.12.0=py36_0
- sqlite=3.28.0=h7b6447c_0
- tensorboard=1.13.1=py36hf484d3e_0
- tensorflow-base=1.13.1=gpu_py36h8f37b9b_0
- tensorflow-estimator=1.13.0=py_0
- termcolor=1.1.0=py36_1
- tk=8.6.8=hbc83047_0
- tornado=6.0.2=py36h7b6447c_0
- tqdm=4.31.1=py36_1
- urllib3=1.24.2=py36_0
- werkzeug=0.15.2=py_0
- wheel=0.33.1=py36_0
- xz=5.2.4=h14c3975_4
- zlib=1.2.11=h7b6447c_3
prefix: /miniconda/envs/wincpu

